#
#Feature symbol names
#
$0 r27.559
$1 r35.433
$2 r66.929
$3 r86.614
$4 s66.929
$5 oval41.339x82.677

#
#Layer features
#
A 7.5671063 1.875 7.5671063 1.875 7.3125 1.875 1 P 10 N
A 12.9108563 2.25 12.9108563 2.25 12.65625 2.25 1 P 10 N
A 0.6296063 1.875 0.6296063 1.875 0.375 1.875 1 P 10 N
A 8.3171063 1.875 8.3171063 1.875 8.0625 1.875 1 P 10 N
A 4.1921063 1.125 4.1921063 1.125 3.9375 1.125 1 P 10 N
A 10.3796063 2.625 10.3796063 2.625 10.125 2.625 1 P 10 N
A 4.7546063 3.375 4.7546063 3.375 4.5 3.375 1 P 10 N
A 4.9421063 1.125 4.9421063 1.125 4.6875 1.125 1 P 10 N
A 8.6921063 1.125 8.6921063 1.125 8.4375 1.125 1 P 10 N
A 8.5046063 3.375 8.5046063 3.375 8.25 3.375 1 P 10 N
A 12.2546063 3.375 12.2546063 3.375 12 3.375 1 P 10 N
A 5.6921063 1.125 5.6921063 1.125 5.4375 1.125 1 P 10 N
A 1.3796063 3.375 1.3796063 3.375 1.125 3.375 1 P 10 N
A 7.1921063 1.125 7.1921063 1.125 6.9375 1.125 1 P 10 N
A 2.5046063 3.375 2.5046063 3.375 2.25 3.375 1 P 10 N
A 7.7546063 3.375 7.7546063 3.375 7.5 3.375 1 P 10 N
A 4.5671063 0.375 4.5671063 0.375 4.3125 0.375 1 P 10 N
A 7.1921063 0.375 7.1921063 0.375 6.9375 0.375 1 P 10 N
A 2.6921063 0.375 2.6921063 0.375 2.4375 0.375 1 P 10 N
A 1.3796063 1.875 1.3796063 1.875 1.125 1.875 1 P 10 N
A 4.0046063 3.375 4.0046063 3.375 3.75 3.375 1 P 10 N
A 5.3171063 1.875 5.3171063 1.875 5.0625 1.875 1 P 10 N
A 2.7858563 1.875 2.7858563 1.875 2.53125 1.875 1 P 10 N
A 8.1296063 2.625 8.1296063 2.625 7.875 2.625 1 P 10 N
A 7.3796063 2.625 7.3796063 2.625 7.125 2.625 1 P 10 N
A 13.0046063 1.125 13.0046063 1.125 12.75 1.125 1 P 10 N
A 9.0671063 1.875 9.0671063 1.875 8.8125 1.875 1 P 10 N
A 5.5046063 3.375 5.5046063 3.375 5.25 3.375 1 P 10 N
A 10.0046063 3.375 10.0046063 3.375 9.75 3.375 1 P 10 N
A 9.8171063 0.375 9.8171063 0.375 9.5625 0.375 1 P 10 N
A 6.6296063 2.625 6.6296063 2.625 6.375 2.625 1 P 10 N
A 0.6296063 0.375 0.6296063 0.375 0.375 0.375 1 P 10 N
A 7.0046063 3.375 7.0046063 3.375 6.75 3.375 1 P 10 N
A 4.3796063 2.625 4.3796063 2.625 4.125 2.625 1 P 10 N
A 9.2546063 3.375 9.2546063 3.375 9 3.375 1 P 10 N
A 10.5671063 1.875 10.5671063 1.875 10.3125 1.875 1 P 10 N
A 6.2546063 3.375 6.2546063 3.375 6 3.375 1 P 10 N
A 11.8796063 2.625 11.8796063 2.625 11.625 2.625 1 P 10 N
A 11.5046063 3.375 11.5046063 3.375 11.25 3.375 1 P 10 N
A 12.0671063 1.875 12.0671063 1.875 11.8125 1.875 1 P 10 N
A 5.8796063 2.625 5.8796063 2.625 5.625 2.625 1 P 10 N
A 6.0671063 1.875 6.0671063 1.875 5.8125 1.875 1 P 10 N
A 4.5671063 1.875 4.5671063 1.875 4.3125 1.875 1 P 10 N
A 10.9421063 1.125 10.9421063 1.125 10.6875 1.125 1 P 10 N
A 1.3796063 2.625 1.3796063 2.625 1.125 2.625 1 P 10 N
A 13.0046063 3.375 13.0046063 3.375 12.75 3.375 1 P 10 N
A 0.6296063 1.125 0.6296063 1.125 0.375 1.125 1 P 10 N
A 5.1296063 2.625 5.1296063 2.625 4.875 2.625 1 P 10 N
A 11.1296063 2.625 11.1296063 2.625 10.875 2.625 1 P 10 N
A 11.9733563 1.125 11.9733563 1.125 11.71875 1.125 1 P 10 N
A 0.6296063 3.375 0.6296063 3.375 0.375 3.375 1 P 10 N
A 2.9733563 1.125 2.9733563 1.125 2.71875 1.125 1 P 10 N
A 1.3796063 0.375 1.3796063 0.375 1.125 0.375 1 P 10 N
A 1.3796063 1.125 1.3796063 1.125 1.125 1.125 1 P 10 N
A 10.7546063 3.375 10.7546063 3.375 10.5 3.375 1 P 10 N
A 9.8171063 1.875 9.8171063 1.875 9.5625 1.875 1 P 10 N
A 8.6921063 0.375 8.6921063 0.375 8.4375 0.375 1 P 10 N
A 3.2546063 3.375 3.2546063 3.375 3 3.375 1 P 10 N
A 3.6296063 2.625 3.6296063 2.625 3.375 2.625 1 P 10 N
A 5.6921063 0.375 5.6921063 0.375 5.4375 0.375 1 P 10 N
A 9.6296063 2.625 9.6296063 2.625 9.375 2.625 1 P 10 N
A 3.8171063 1.875 3.8171063 1.875 3.5625 1.875 1 P 10 N
A 8.8796063 2.625 8.8796063 2.625 8.625 2.625 1 P 10 N
A 6.8171063 1.875 6.8171063 1.875 6.5625 1.875 1 P 10 N
A 11.3171063 1.875 11.3171063 1.875 11.0625 1.875 1 P 10 N
A 7.9421063 1.125 7.9421063 1.125 7.6875 1.125 1 P 10 N
A 2.6921063 2.625 2.6921063 2.625 2.4375 2.625 1 P 10 N
A 10.1921063 1.125 10.1921063 1.125 9.9375 1.125 1 P 10 N
A 0.6296063 2.625 0.6296063 2.625 0.375 2.625 1 P 10 N
A 9.4421063 1.125 9.4421063 1.125 9.1875 1.125 1 P 10 N
A 6.4421063 1.125 6.4421063 1.125 6.1875 1.125 1 P 10 N
A 10.9421063 0.375 10.9421063 0.375 10.6875 0.375 1 P 10 N
A 12.8171063 0.375 12.8171063 0.375 12.5625 0.375 1 P 10 N
P 11.203125 1.12499429 3 P 11 0
P 3.28906988 0.375 3 P 11 0
P 0.75000098 1.12499429 3 P 11 0
P 3.046875 1.875 3 P 11 0
P 12.94948819 2.90133858 3 P 11 0
P 4.68751083 1.87499626 3 P 11 0
P 12.18752972 1.87499626 3 P 11 0
P 6.56251555 1.12499429 3 P 11 0
P 1.78125 0.375 3 P 11 0
P 1.50000285 1.87499626 3 P 11 0
P 9.1875 1.875 3 P 11 0
P 9.75002362 2.62499813 3 P 11 0
P 2.06740157 0.83177165 3 P 11 0
P 7.50001791 2.62499813 3 P 11 0
P 6.9375 1.875 3 P 11 0
P 8.62502077 3.375 3 P 11 0
P 12.37503022 3.375 3 P 11 0
P 4.12500945 3.375 3 P 11 0
P 3.75000846 2.62499813 3 P 11 0
P 4.875 0.375 3 P 11 0
P 12.18752972 0.37499242 3 P 11 0
P 10.125 0.37499242 3 P 11 0
P 10.12502461 3.375 3 P 11 0
P 12.234375 1.12499429 3 P 11 0
P 8.06251939 0.37499242 3 P 11 0
P 6.37501516 3.375 3 P 11 0
P 2.07031673 2.62499813 3 P 11 0
P 5.2500123 2.62499813 3 P 11 0
P 11.25002736 2.62499813 3 P 11 0
P 10.6875 1.87499626 3 P 11 0
P 8.81252126 1.12499429 3 P 11 0
P 2.62500571 3.375 3 P 11 0
P 0.75 3.375 3 P 11 0
P 4.31250994 1.12499429 3 P 11 0
P 11.203125 1.12499429 3 N 11 0
P 3.28906988 0.375 3 N 11 0
P 0.75000098 1.12499429 3 N 11 0
P 3.046875 1.875 3 N 11 0
P 12.94948819 2.90133858 3 N 11 0
P 4.68751083 1.87499626 3 N 11 0
P 12.18752972 1.87499626 3 N 11 0
P 6.56251555 1.12499429 3 N 11 0
P 1.78125 0.375 3 N 11 0
P 1.50000285 1.87499626 3 N 11 0
P 9.1875 1.875 3 N 11 0
P 9.75002362 2.62499813 3 N 11 0
P 2.06740157 0.83177165 3 N 11 0
P 7.50001791 2.62499813 3 N 11 0
P 6.9375 1.875 3 N 11 0
P 8.62502077 3.375 3 N 11 0
P 12.37503022 3.375 3 N 11 0
P 4.12500945 3.375 3 N 11 0
P 3.75000846 2.62499813 3 N 11 0
P 4.875 0.375 3 N 11 0
P 12.18752972 0.37499242 3 N 11 0
P 10.125 0.37499242 3 N 11 0
P 10.12502461 3.375 3 N 11 0
P 12.234375 1.12499429 3 N 11 0
P 8.06251939 0.37499242 3 N 11 0
P 6.37501516 3.375 3 N 11 0
P 2.07031673 2.62499813 3 N 11 0
P 5.2500123 2.62499813 3 N 11 0
P 11.25002736 2.62499813 3 N 11 0
P 10.6875 1.87499626 3 N 11 0
P 8.81252126 1.12499429 3 N 11 0
P 2.62500571 3.375 3 N 11 0
P 0.75 3.375 3 N 11 0
P 4.31250994 1.12499429 3 N 11 0
P 1.58934882 3.5438 0 N 12 0
P 1.81690787 3.5438 0 N 12 0
P 1.53304961 3.52293386 5 N 13 0
P 1.87320709 3.52293386 5 N 13 0
P 1.53304961 3.68750079 5 N 13 0
P 1.87320709 3.68750079 5 N 13 0
P 1.68750335 2.82363287 4 N 14 0
P 1.68750335 2.72363287 2 N 15 0
