#
#Feature symbol names
#
$0 r15.7
$1 r25.6
$2 r27.6
$3 r39.4
$4 r86.6

#
#Feature attribute names
#
@0 .comp
@1 .rout_chain

#
#Layer features
#
P 0.0312 1.4844 0 P 4 0
P 0.0312 0.6328 0 P 4 0
P 0.1016 0.0625 0 P 4 0
P 0.1172 3.625 0 P 4 0
P 0.1172 0.8984 0 P 4 0
P 0.1172 0.6328 0 P 4 0
P 0.125 3.0859 0 P 4 0
P 0.125 3.0078 0 P 4 0
P 0.125 2.2812 0 P 4 0
P 0.125 2.1719 0 P 4 0
P 0.125 1.5625 0 P 4 0
P 0.125 1.4844 0 P 4 0
P 0.2031 3.0859 0 P 4 0
P 0.2031 3.0078 0 P 4 0
P 0.2031 2.2812 0 P 4 0
P 0.2031 2.1719 0 P 4 0
P 0.2031 1.5625 0 P 4 0
P 0.2031 1.4844 0 P 4 0
P 0.3359 3.375 0 P 4 0
P 0.3359 2.625 0 P 4 0
P 0.3359 1.875 0 P 4 0
P 0.3359 1.125 0 P 4 0
P 0.375 0.4141 0 P 4 0
P 0.375 0.3359 0 P 4 0
P 0.4141 3.375 0 P 4 0
P 0.4141 2.625 0 P 4 0
P 0.4141 1.875 0 P 4 0
P 0.4141 1.125 0 P 4 0
P 0.4922 1.5625 0 P 4 0
P 0.4922 1.4844 0 P 4 0
P 0.5625 3.0469 0 P 4 0
P 0.5703 1.5625 0 P 4 0
P 0.5703 1.4844 0 P 4 0
P 0.5938 0.8437 0 P 4 0
P 0.5938 0.7187 0 P 4 0
P 0.75 3.5703 0 P 4 0
P 0.75 3.1875 0 P 4 0
P 0.75 2.625 0 P 4 0
P 0.75 1.875 0 P 4 0
P 0.75 1.3125 0 P 4 0
P 0.75 0.9375 0 P 4 0
P 0.75 0.5703 0 P 4 0
P 0.75 0.1797 0 P 4 0
P 0.875 3.0859 0 P 4 0
P 0.875 3.0078 0 P 4 0
P 0.875 2.3516 0 P 4 0
P 0.875 2.1875 0 P 4 0
P 0.875 1.5937 0 P 4 0
P 0.875 1.4844 0 P 4 0
P 0.875 0.8437 0 P 4 0
P 0.875 0.7656 0 P 4 0
P 0.875 0.6953 0 P 4 0
P 0.9531 3.0859 0 P 4 0
P 0.9531 3.0078 0 P 4 0
P 0.9531 2.3516 0 P 4 0
P 0.9531 2.1875 0 P 4 0
P 0.9531 1.5937 0 P 4 0
P 0.9531 1.4844 0 P 4 0
P 0.9531 0.8437 0 P 4 0
P 0.9531 0.7656 0 P 4 0
P 0.9531 0.6953 0 P 4 0
P 1.0859 3.375 0 P 4 0
P 1.0859 2.625 0 P 4 0
P 1.0859 1.875 0 P 4 0
P 1.0859 1.125 0 P 4 0
P 1.0859 0.7656 0 P 4 0
P 1.125 0.4141 0 P 4 0
P 1.125 0.3359 0 P 4 0
P 1.1641 3.375 0 P 4 0
P 1.1641 2.625 0 P 4 0
P 1.1641 1.875 0 P 4 0
P 1.1641 1.125 0 P 4 0
P 1.2344 0.7656 0 P 4 0
P 1.2734 1.5937 0 P 4 0
P 1.375 1.5937 0 P 4 0
P 1.375 1.4453 0 P 4 0
P 1.375 0.7659 0 P 4 0
P 1.4688 2.4062 0 P 4 0
P 1.4766 2.8236 0 P 4 0
P 1.4922 2.625 0 P 4 0
P 1.4922 2.0625 0 P 4 0
P 1.4922 1.6875 0 P 4 0
P 1.4922 1.125 0 P 4 0
P 1.5234 1.5937 0 P 4 0
P 1.5234 1.4453 0 P 4 0
P 1.5313 0.7656 0 P 4 0
P 1.5469 2.9375 0 P 4 0
P 1.5703 3.2422 0 P 4 0
P 1.5781 2.625 0 P 4 0
P 1.5781 2.375 0 P 4 0
P 1.5938 3.5859 0 P 4 0
P 1.6016 3.7031 0 P 4 0
P 1.6094 2.4375 0 P 4 0
P 1.6094 2.965 0 P 4 0
P 1.6094 2.1562 0 P 4 0
P 1.625 1.5937 0 P 4 0
P 1.625 1.4453 0 P 4 0
P 1.6328 3.4219 0 P 4 0
P 1.6719 2.5781 0 P 4 0
P 1.7031 0.7656 0 P 4 0
P 1.7109 3.6484 0 P 4 0
P 1.7228 2.9256 0 P 4 0
P 1.7266 2.2734 0 P 4 0
P 1.7266 2.1719 0 P 4 0
P 1.7272 1.5547 0 P 4 0
P 1.7812 0.1797 0 P 4 0
P 1.7813 0.5703 0 P 4 0
P 1.7891 3.3672 0 P 4 0
P 1.7891 3.25 0 P 4 0
P 1.7996 3.4219 0 P 4 0
P 1.8047 3.6953 0 P 4 0
P 1.808 2.2537 0 P 4 0
P 1.8203 3.5859 0 P 4 0
P 1.8203 1.9141 0 P 4 0
P 1.8203 1.8047 0 P 4 0
P 1.8203 1.6875 0 P 4 0
P 1.8203 1.5937 0 P 4 0
P 1.8491 2.5 0 P 4 0
P 1.8516 0.7656 0 P 4 0
P 1.8906 2.2734 0 P 4 0
P 1.8906 2.1719 0 P 4 0
P 1.8906 1.5938 0 P 4 0
P 1.8906 1.4922 0 P 4 0
P 1.8984 1.9297 0 P 4 0
P 1.9531 2.1094 0 P 4 0
P 1.9844 2.4375 0 P 4 0
P 1.9922 0.7659 0 P 4 0
P 2 1.5937 0 P 4 0
P 2 1.5078 0 P 4 0
P 2 1.4141 0 P 4 0
P 2.0078 3.0937 0 P 4 0
P 2.0078 2.9375 0 P 4 0
P 2.0674 0.9922 0 P 4 0
P 2.0674 0.6719 0 P 4 0
P 2.0703 2.8125 0 P 4 0
P 2.0703 2.4375 0 P 4 0
P 2.1417 1.5078 0 P 4 0
P 2.1417 1.4141 0 P 4 0
P 2.1484 2.1094 0 P 4 0
P 2.1484 0.7656 0 P 4 0
P 2.1797 2.3516 0 P 4 0
P 2.1797 2.2734 0 P 4 0
P 2.1797 2.1953 0 P 4 0
P 2.1875 1.875 0 P 4 0
P 2.2109 3.375 0 P 4 0
P 2.2578 2.3516 0 P 4 0
P 2.2578 2.2734 0 P 4 0
P 2.2578 2.1953 0 P 4 0
P 2.2656 1.5937 0 P 4 0
P 2.2656 1.5078 0 P 4 0
P 2.2734 0.7656 0 P 4 0
P 2.2891 3.375 0 P 4 0
P 2.3281 1.4141 0 P 4 0
P 2.3594 3.0859 0 P 4 0
P 2.3594 2.9453 0 P 4 0
P 2.3594 1.5937 0 P 4 0
P 2.3594 1.5078 0 P 4 0
P 2.3984 2.625 0 P 4 0
P 2.3984 0.8437 0 P 4 0
P 2.3984 0.7656 0 P 4 0
P 2.4375 3.0859 0 P 4 0
P 2.4375 2.9453 0 P 4 0
P 2.4375 0.4141 0 P 4 0
P 2.4375 0.3359 0 P 4 0
P 2.4688 1.5078 0 P 4 0
P 2.4688 1.4141 0 P 4 0
P 2.4766 2.625 0 P 4 0
P 2.4766 0.8437 0 P 4 0
P 2.4766 0.7656 0 P 4 0
P 2.4922 1.875 0 P 4 0
P 2.5703 1.875 0 P 4 0
P 2.5859 0.7656 0 P 4 0
P 2.625 3.5625 0 P 4 0
P 2.625 3.1875 0 P 4 0
P 2.6428 1.5078 0 P 4 0
P 2.6428 1.4297 0 P 4 0
P 2.6797 1.125 0 P 4 0
P 2.7344 0.7656 0 P 4 0
P 2.7381 2.965 0 P 4 0
P 2.7381 2.9256 0 P 4 0
P 2.7422 3.0078 0 P 4 0
P 2.7578 1.125 0 P 4 0
P 2.7801 1.5937 0 P 4 0
P 2.7813 2.375 0 P 4 0
P 2.7813 2.2109 0 P 4 0
P 2.7846 1.5078 0 P 4 0
P 2.7846 1.4297 0 P 4 0
P 2.875 0.7659 0 P 4 0
P 2.9063 2.8863 0 P 4 0
P 2.9141 2.625 0 P 4 0
P 2.9141 2.375 0 P 4 0
P 2.9219 1.5937 0 P 4 0
P 2.9263 1.5078 0 P 4 0
P 2.9263 1.4141 0 P 4 0
P 2.9602 0.375 0 P 4 0
P 2.9609 3.375 0 P 4 0
P 2.9609 0.5312 0 P 4 0
P 2.9609 0.2031 0 P 4 0
P 3.0313 0.7656 0 P 4 0
P 3.0391 3.375 0 P 4 0
P 3.0469 2.0625 0 P 4 0
P 3.0469 1.6875 0 P 4 0
P 3.068 1.5078 0 P 4 0
P 3.068 1.4141 0 P 4 0
P 3.1016 0.8516 0 P 4 0
P 3.1094 2.3516 0 P 4 0
P 3.1484 0.0234 0 P 4 0
P 3.1563 2.1641 0 P 4 0
P 3.1563 0.7578 0 P 4 0
P 3.1719 3.0859 0 P 4 0
P 3.1719 3.0078 0 P 4 0
P 3.2109 1.6016 0 P 4 0
P 3.2109 1.5078 0 P 4 0
P 3.2109 1.4141 0 P 4 0
P 3.2109 0.8516 0 P 4 0
P 3.2188 2.3516 0 P 4 0
P 3.25 3.0859 0 P 4 0
P 3.25 3.0078 0 P 4 0
P 3.2701 1.6127 0 P 4 0
P 3.2701 1.4141 0 P 4 0
P 3.2891 2.1641 0 P 4 0
P 3.2891 0.5391 0 P 4 0
P 3.2891 0.2031 0 P 4 0
P 3.3359 2.625 0 P 4 0
P 3.3359 1.6016 0 P 4 0
P 3.3359 1.5078 0 P 4 0
P 3.3359 1.4141 0 P 4 0
P 3.3516 0.8516 0 P 4 0
P 3.3516 0.7656 0 P 4 0
P 3.375 3.375 0 P 4 0
P 3.4141 2.625 0 P 4 0
P 3.4375 0.8516 0 P 4 0
P 3.4375 0.7656 0 P 4 0
P 3.4688 0.5156 0 P 4 0
P 3.5 0.8516 0 P 4 0
P 3.5 0.7656 0 P 4 0
P 3.5233 1.5078 0 P 4 0
P 3.5234 1.875 0 P 4 0
P 3.5234 1.4141 0 P 4 0
P 3.6016 1.875 0 P 4 0
P 3.6477 0.375 0 P 4 0
P 3.6484 0.7656 0 P 4 0
P 3.6484 0.5312 0 P 4 0
P 3.6484 0.2031 0 P 4 0
P 3.6718 1.5078 0 P 4 0
P 3.6719 1.4141 0 P 4 0
P 3.7109 3.375 0 P 4 0
P 3.75 2.8125 0 P 4 0
P 3.75 2.4375 0 P 4 0
P 3.7891 3.375 0 P 4 0
P 3.7969 0.7656 0 P 4 0
P 3.8125 1.5937 0 P 4 0
P 3.8203 2.1406 0 P 4 0
P 3.828 1.5078 0 P 4 0
P 3.8281 1.4297 0 P 4 0
P 3.8516 2.3516 0 P 4 0
P 3.8828 1.6953 0 P 4 0
P 3.8984 1.125 0 P 4 0
P 3.9219 3.0859 0 P 4 0
P 3.9219 3.0078 0 P 4 0
P 3.9219 1.7266 0 P 4 0
P 3.9375 0.7659 0 P 4 0
P 3.9609 1.7656 0 P 4 0
P 3.9688 2.3516 0 P 4 0
P 3.9766 1.125 0 P 4 0
P 3.9922 1.4922 0 P 4 0
P 3.9922 1.4297 0 P 4 0
P 4 3.0859 0 P 4 0
P 4 3.0078 0 P 4 0
P 4 1.8125 0 P 4 0
P 4 0.6328 0 P 4 0
P 4.0469 2.1953 0 P 4 0
P 4.0547 0.1172 0 P 4 0
P 4.0781 1.6016 0 P 4 0
P 4.0781 1.4922 0 P 4 0
P 4.0781 1.4297 0 P 4 0
P 4.0859 2.625 0 P 4 0
P 4.0938 0.7656 0 P 4 0
P 4.125 3.5625 0 P 4 0
P 4.125 3.1875 0 P 4 0
P 4.1563 1.6016 0 P 4 0
P 4.1563 1.4922 0 P 4 0
P 4.1563 1.4297 0 P 4 0
P 4.1641 2.625 0 P 4 0
P 4.1953 0.8437 0 P 4 0
P 4.2656 0.7656 0 P 4 0
P 4.2734 1.875 0 P 4 0
P 4.2802 1.4922 0 P 4 0
P 4.2802 1.4219 0 P 4 0
P 4.3125 1.3125 0 P 4 0
P 4.3125 0.9375 0 P 4 0
P 4.3125 0.4141 0 P 4 0
P 4.3125 0.3359 0 P 4 0
P 4.3516 1.875 0 P 4 0
P 4.3594 0.7656 0 P 4 0
P 4.4219 1.4922 0 P 4 0
P 4.4219 1.4219 0 P 4 0
P 4.4297 0.8437 0 P 4 0
P 4.4609 3.375 0 P 4 0
P 4.5 2.625 0 P 4 0
P 4.5 0.7656 0 P 4 0
P 4.5391 3.375 0 P 4 0
P 4.5536 1.6016 0 P 4 0
P 4.5536 1.4922 0 P 4 0
P 4.5536 1.4219 0 P 4 0
P 4.6094 2.3516 0 P 4 0
P 4.6172 2.1875 0 P 4 0
P 4.6484 1.125 0 P 4 0
P 4.6563 0.7659 0 P 4 0
P 4.6719 3.0859 0 P 4 0
P 4.6719 3.0078 0 P 4 0
P 4.6875 2.0625 0 P 4 0
P 4.6875 1.6875 0 P 4 0
P 4.7109 2.3516 0 P 4 0
P 4.7266 1.125 0 P 4 0
P 4.7344 1.4922 0 P 4 0
P 4.7344 1.4297 0 P 4 0
P 4.75 3.0859 0 P 4 0
P 4.75 3.0078 0 P 4 0
P 4.7891 2.1953 0 P 4 0
P 4.8281 1.6016 0 P 4 0
P 4.8281 1.4922 0 P 4 0
P 4.8281 1.4297 0 P 4 0
P 4.8281 0.8437 0 P 4 0
P 4.8281 0.7656 0 P 4 0
P 4.8359 2.625 0 P 4 0
P 4.875 0.5781 0 P 4 0
P 4.875 0.1719 0 P 4 0
P 4.875 3.375 0 P 4 0
P 4.9063 1.6016 0 P 4 0
P 4.9063 1.4922 0 P 4 0
P 4.9063 1.4297 0 P 4 0
P 4.9141 2.625 0 P 4 0
P 5.0078 0.7656 0 P 4 0
P 5.0234 1.875 0 P 4 0
P 5.0302 1.4922 0 P 4 0
P 5.0302 1.4219 0 P 4 0
P 5.0625 1.125 0 P 4 0
P 5.1016 1.875 0 P 4 0
P 5.1563 0.7656 0 P 4 0
P 5.1719 1.4922 0 P 4 0
P 5.1719 1.4219 0 P 4 0
P 5.2109 3.375 0 P 4 0
P 5.2422 0.6719 0 P 4 0
P 5.25 2.8125 0 P 4 0
P 5.25 2.4375 0 P 4 0
P 5.2891 3.375 0 P 4 0
P 5.2891 1.6094 0 P 4 0
P 5.2969 0.7659 0 P 4 0
P 5.3281 1.4922 0 P 4 0
P 5.3281 1.4219 0 P 4 0
P 5.3672 2.3516 0 P 4 0
P 5.375 2.2031 0 P 4 0
P 5.3985 1.125 0 P 4 0
P 5.4219 3.0859 0 P 4 0
P 5.4219 3.0078 0 P 4 0
P 5.4375 1.875 0 P 4 0
P 5.4375 0.4141 0 P 4 0
P 5.4375 0.3359 0 P 4 0
P 5.4531 0.7656 0 P 4 0
P 5.461 2.3516 0 P 4 0
P 5.4766 1.125 0 P 4 0
P 5.4922 1.4922 0 P 4 0
P 5.4922 1.4297 0 P 4 0
P 5.5 3.0859 0 P 4 0
P 5.5 3.0078 0 P 4 0
P 5.5156 2.2031 0 P 4 0
P 5.5781 1.6016 0 P 4 0
P 5.5781 1.4922 0 P 4 0
P 5.5781 1.4297 0 P 4 0
P 5.586 2.625 0 P 4 0
P 5.6016 0.8437 0 P 4 0
P 5.6016 0.7656 0 P 4 0
P 5.6016 0.1094 0 P 4 0
P 5.625 3.375 0 P 4 0
P 5.6563 1.6016 0 P 4 0
P 5.6563 1.4922 0 P 4 0
P 5.6563 1.4297 0 P 4 0
P 5.6641 2.625 0 P 4 0
P 5.6719 0.1562 0 P 4 0
P 5.6953 0.8437 0 P 4 0
P 5.6953 0.7656 0 P 4 0
P 5.7031 0.6641 0 P 4 0
P 5.7578 0.1875 0 P 4 0
P 5.7735 1.875 0 P 4 0
P 5.7969 0.1562 0 P 4 0
P 5.8438 0.125 0 P 4 0
P 5.8516 1.875 0 P 4 0
P 5.875 0.9062 0 P 4 0
P 5.8828 1.5 0 P 4 0
P 5.8828 1.4219 0 P 4 0
P 5.8828 0.7653 0 P 4 0
P 5.9297 0.8437 0 P 4 0
P 5.961 3.375 0 P 4 0
P 6 2.625 0 P 4 0
P 6 1.5004 0 P 4 0
P 6 1.4219 0 P 4 0
P 6.0078 1.5937 0 P 4 0
P 6.0313 0.7653 0 P 4 0
P 6.0391 3.375 0 P 4 0
P 6.1172 2.3516 0 P 4 0
P 6.1172 1.5 0 P 4 0
P 6.1172 1.4297 0 P 4 0
P 6.1328 2.1875 0 P 4 0
P 6.1485 1.125 0 P 4 0
P 6.1719 3.0859 0 P 4 0
P 6.1719 3.0078 0 P 4 0
P 6.1719 0.7656 0 P 4 0
P 6.1875 1.875 0 P 4 0
P 6.1953 0.5703 0 P 4 0
P 6.1953 0.375 0 P 4 0
P 6.1953 0.1797 0 P 4 0
P 6.211 2.3516 0 P 4 0
P 6.2266 1.125 0 P 4 0
P 6.2344 1.5 0 P 4 0
P 6.2344 1.4297 0 P 4 0
P 6.25 3.0859 0 P 4 0
P 6.25 3.0078 0 P 4 0
P 6.2812 2.2031 0 P 4 0
P 6.3281 1.5937 0 P 4 0
P 6.3281 1.5 0 P 4 0
P 6.3281 1.4297 0 P 4 0
P 6.3281 0.8437 0 P 4 0
P 6.3281 0.7653 0 P 4 0
P 6.336 2.625 0 P 4 0
P 6.375 3.5625 0 P 4 0
P 6.375 3.1875 0 P 4 0
P 6.4063 1.5937 0 P 4 0
P 6.4063 1.5 0 P 4 0
P 6.4063 1.4297 0 P 4 0
P 6.4141 2.625 0 P 4 0
P 6.5 0.7656 0 P 4 0
P 6.5235 1.875 0 P 4 0
P 6.5625 1.5 0 P 4 0
P 6.5625 1.4219 0 P 4 0
P 6.5625 1.3125 0 P 4 0
P 6.5625 0.9375 0 P 4 0
P 6.6016 1.875 0 P 4 0
P 6.6485 0.7656 0 P 4 0
P 6.711 3.375 0 P 4 0
P 6.7188 1.5004 0 P 4 0
P 6.7188 1.4219 0 P 4 0
P 6.75 2.625 0 P 4 0
P 6.7891 3.375 0 P 4 0
P 6.8125 0.7656 0 P 4 0
P 6.8672 2.3516 0 P 4 0
P 6.8672 1.4922 0 P 4 0
P 6.8672 1.4297 0 P 4 0
P 6.875 2.2031 0 P 4 0
P 6.8985 1.125 0 P 4 0
P 6.9219 3.0859 0 P 4 0
P 6.9219 3.0078 0 P 4 0
P 6.9375 2.0625 0 P 4 0
P 6.9375 1.6875 0 P 4 0
P 6.9375 0.4141 0 P 4 0
P 6.9375 0.3359 0 P 4 0
P 6.961 2.3516 0 P 4 0
P 6.9688 0.7656 0 P 4 0
P 6.9766 1.125 0 P 4 0
P 6.9844 1.4922 0 P 4 0
P 6.9844 1.4297 0 P 4 0
P 7 3.0859 0 P 4 0
P 7 3.0078 0 P 4 0
P 7.0156 2.2031 0 P 4 0
P 7.0781 1.5937 0 P 4 0
P 7.0781 1.4922 0 P 4 0
P 7.0781 1.4297 0 P 4 0
P 7.086 2.625 0 P 4 0
P 7.1016 0.8437 0 P 4 0
P 7.1016 0.7656 0 P 4 0
P 7.125 3.375 0 P 4 0
P 7.1563 1.5937 0 P 4 0
P 7.1563 1.4922 0 P 4 0
P 7.1563 1.4297 0 P 4 0
P 7.1641 2.625 0 P 4 0
P 7.1953 0.8437 0 P 4 0
P 7.1953 0.7656 0 P 4 0
P 7.2735 1.875 0 P 4 0
P 7.2813 1.4918 0 P 4 0
P 7.2813 1.4137 0 P 4 0
P 7.3125 1.125 0 P 4 0
P 7.3203 0.7656 0 P 4 0
P 7.3516 1.875 0 P 4 0
P 7.4375 1.4922 0 P 4 0
P 7.4375 1.4137 0 P 4 0
P 7.461 3.375 0 P 4 0
P 7.5 2.8125 0 P 4 0
P 7.5 2.4375 0 P 4 0
P 7.5 0.766 0 P 4 0
P 7.5391 3.375 0 P 4 0
P 7.5469 0.5703 0 P 4 0
P 7.5469 0.375 0 P 4 0
P 7.5469 0.1797 0 P 4 0
P 7.5781 1.4918 0 P 4 0
P 7.5781 1.4297 0 P 4 0
P 7.6094 2.3516 0 P 4 0
P 7.6172 2.2031 0 P 4 0
P 7.6485 1.125 0 P 4 0
P 7.6719 3.0859 0 P 4 0
P 7.6719 3.0078 0 P 4 0
P 7.6719 0.7656 0 P 4 0
P 7.6875 1.875 0 P 4 0
P 7.7031 2.3516 0 P 4 0
P 7.7266 1.125 0 P 4 0
P 7.7344 1.4922 0 P 4 0
P 7.7344 1.4297 0 P 4 0
P 7.75 3.0859 0 P 4 0
P 7.75 3.0078 0 P 4 0
P 7.7735 2.2031 0 P 4 0
P 7.8281 1.5937 0 P 4 0
P 7.8281 1.5 0 P 4 0
P 7.8281 1.4297 0 P 4 0
P 7.836 2.625 0 P 4 0
P 7.836 0.8437 0 P 4 0
P 7.8516 0.7656 0 P 4 0
P 7.875 3.375 0 P 4 0
P 7.9063 1.5937 0 P 4 0
P 7.9063 1.5 0 P 4 0
P 7.9063 1.4297 0 P 4 0
P 7.9141 2.625 0 P 4 0
P 8.0235 1.875 0 P 4 0
P 8.0313 0.8437 0 P 4 0
P 8.0313 0.7656 0 P 4 0
P 8.0391 1.4996 0 P 4 0
P 8.0391 1.4215 0 P 4 0
P 8.0625 1.125 0 P 4 0
P 8.0703 0.5625 0 P 4 0
P 8.0703 0.1875 0 P 4 0
P 8.1016 1.875 0 P 4 0
P 8.1953 1.5 0 P 4 0
P 8.1953 1.4215 0 P 4 0
P 8.1953 0.8437 0 P 4 0
P 8.1953 0.7656 0 P 4 0
P 8.211 3.375 0 P 4 0
P 8.25 2.625 0 P 4 0
P 8.2891 3.375 0 P 4 0
P 8.3281 1.4996 0 P 4 0
P 8.3281 1.4297 0 P 4 0
P 8.3594 2.2031 0 P 4 0
P 8.3594 0.7656 0 P 4 0
P 8.3672 2.3516 0 P 4 0
P 8.3985 1.125 0 P 4 0
P 8.3985 0.375 0 P 4 0
P 8.4219 3.0859 0 P 4 0
P 8.4219 3.0078 0 P 4 0
P 8.4375 1.875 0 P 4 0
P 8.4766 2.3516 0 P 4 0
P 8.4766 1.125 0 P 4 0
P 8.4766 0.375 0 P 4 0
P 8.4844 1.5 0 P 4 0
P 8.4844 1.4297 0 P 4 0
P 8.4844 0.7656 0 P 4 0
P 8.5 3.0859 0 P 4 0
P 8.5 3.0078 0 P 4 0
P 8.5156 2.2031 0 P 4 0
P 8.5781 1.5937 0 P 4 0
P 8.5781 1.5 0 P 4 0
P 8.5781 1.4297 0 P 4 0
P 8.586 2.625 0 P 4 0
P 8.6094 0.8437 0 P 4 0
P 8.6094 0.7656 0 P 4 0
P 8.625 3.5625 0 P 4 0
P 8.625 3.1875 0 P 4 0
P 8.6563 1.5937 0 P 4 0
P 8.6563 1.5 0 P 4 0
P 8.6563 1.4297 0 P 4 0
P 8.6641 2.625 0 P 4 0
P 8.7031 0.8437 0 P 4 0
P 8.7031 0.7656 0 P 4 0
P 8.7735 1.875 0 P 4 0
P 8.7891 1.4996 0 P 4 0
P 8.7891 1.4215 0 P 4 0
P 8.8125 1.3125 0 P 4 0
P 8.8125 0.9375 0 P 4 0
P 8.8516 1.875 0 P 4 0
P 8.8594 0.7656 0 P 4 0
P 8.9453 1.5 0 P 4 0
P 8.9453 1.4215 0 P 4 0
P 8.961 3.375 0 P 4 0
P 8.9922 0.5703 0 P 4 0
P 8.9922 0.375 0 P 4 0
P 8.9922 0.1797 0 P 4 0
P 9 2.625 0 P 4 0
P 9.0235 0.7656 0 P 4 0
P 9.0391 3.375 0 P 4 0
P 9.0781 1.4918 0 P 4 0
P 9.0781 1.4297 0 P 4 0
P 9.1172 2.3516 0 P 4 0
P 9.125 2.2031 0 P 4 0
P 9.1485 1.125 0 P 4 0
P 9.1719 3.0859 0 P 4 0
P 9.1719 3.0078 0 P 4 0
P 9.1875 2.0625 0 P 4 0
P 9.1875 1.6875 0 P 4 0
P 9.1875 0.7656 0 P 4 0
P 9.211 2.3516 0 P 4 0
P 9.2266 1.125 0 P 4 0
P 9.2344 1.4922 0 P 4 0
P 9.2344 1.4297 0 P 4 0
P 9.25 3.0859 0 P 4 0
P 9.25 3.0078 0 P 4 0
P 9.2656 2.2031 0 P 4 0
P 9.3281 1.5937 0 P 4 0
P 9.3281 1.4922 0 P 4 0
P 9.3281 1.4297 0 P 4 0
P 9.336 2.625 0 P 4 0
P 9.336 0.8437 0 P 4 0
P 9.336 0.7656 0 P 4 0
P 9.375 3.375 0 P 4 0
P 9.4063 1.5937 0 P 4 0
P 9.4063 1.4922 0 P 4 0
P 9.4063 1.4297 0 P 4 0
P 9.4141 2.625 0 P 4 0
P 9.4531 0.8437 0 P 4 0
P 9.5156 0.7687 0 P 4 0
P 9.5235 1.875 0 P 4 0
P 9.5391 1.4996 0 P 4 0
P 9.5391 1.4215 0 P 4 0
P 9.5625 1.125 0 P 4 0
P 9.5625 0.8516 0 P 4 0
P 9.5625 0.4141 0 P 4 0
P 9.5625 0.3359 0 P 4 0
P 9.6016 1.875 0 P 4 0
P 9.6094 0.7687 0 P 4 0
P 9.6953 1.5 0 P 4 0
P 9.6953 1.4215 0 P 4 0
P 9.711 3.375 0 P 4 0
P 9.75 2.8125 0 P 4 0
P 9.75 2.4375 0 P 4 0
P 9.7891 3.375 0 P 4 0
P 9.836 1.4918 0 P 4 0
P 9.836 1.4297 0 P 4 0
P 9.8672 2.3516 0 P 4 0
P 9.8672 2.2031 0 P 4 0
P 9.8985 1.125 0 P 4 0
P 9.9219 3.0859 0 P 4 0
P 9.9219 3.0078 0 P 4 0
P 9.9375 1.875 0 P 4 0
P 9.961 2.3516 0 P 4 0
P 9.9766 1.125 0 P 4 0
P 9.9922 1.4922 0 P 4 0
P 9.9922 1.4297 0 P 4 0
P 10 3.0859 0 P 4 0
P 10 3.0078 0 P 4 0
P 10.0312 2.2031 0 P 4 0
P 10.0781 1.5937 0 P 4 0
P 10.0781 1.5078 0 P 4 0
P 10.0781 1.4219 0 P 4 0
P 10.086 2.625 0 P 4 0
P 10.1094 0.8516 0 P 4 0
P 10.125 0.5703 0 P 4 0
P 10.125 3.5625 0 P 4 0
P 10.125 3.1875 0 P 4 0
P 10.125 0.1797 0 P 4 0
P 10.1328 0.7687 0 P 4 0
P 10.1563 1.5937 0 P 4 0
P 10.1563 1.5078 0 P 4 0
P 10.1563 1.4219 0 P 4 0
P 10.1641 2.625 0 P 4 0
P 10.1953 0.8516 0 P 4 0
P 10.2735 1.875 0 P 4 0
P 10.2891 1.4918 0 P 4 0
P 10.2891 1.4137 0 P 4 0
P 10.3125 1.125 0 P 4 0
P 10.3516 1.875 0 P 4 0
P 10.4453 1.4922 0 P 4 0
P 10.4453 1.4137 0 P 4 0
P 10.461 3.375 0 P 4 0
P 10.5 2.625 0 P 4 0
P 10.5391 3.375 0 P 4 0
P 10.5938 1.4918 0 P 4 0
P 10.5938 1.4297 0 P 4 0
P 10.6172 2.3516 0 P 4 0
P 10.6172 2.2031 0 P 4 0
P 10.6485 1.125 0 P 4 0
P 10.6719 3.0859 0 P 4 0
P 10.6719 3.0078 0 P 4 0
P 10.6875 2.0625 0 P 4 0
P 10.6875 1.6875 0 P 4 0
P 10.6875 0.4141 0 P 4 0
P 10.6875 0.3359 0 P 4 0
P 10.711 2.3516 0 P 4 0
P 10.7266 1.125 0 P 4 0
P 10.75 3.0859 0 P 4 0
P 10.75 3.0078 0 P 4 0
P 10.75 1.4922 0 P 4 0
P 10.75 1.4297 0 P 4 0
P 10.7657 2.2031 0 P 4 0
P 10.8282 1.5937 0 P 4 0
P 10.8282 1.5078 0 P 4 0
P 10.8282 1.4297 0 P 4 0
P 10.836 2.625 0 P 4 0
P 10.8516 0.1094 0 P 4 0
P 10.8594 0.8437 0 P 4 0
P 10.875 3.375 0 P 4 0
P 10.9063 1.5937 0 P 4 0
P 10.9063 1.5078 0 P 4 0
P 10.9063 1.4297 0 P 4 0
P 10.9141 2.625 0 P 4 0
P 10.9453 0.8437 0 P 4 0
P 10.9844 0.1094 0 P 4 0
P 11.0235 1.875 0 P 4 0
P 11.0313 1.4922 0 P 4 0
P 11.0313 1.4219 0 P 4 0
P 11.0313 0.7187 0 P 4 0
P 11.086 0.5 0 P 4 0
P 11.1016 1.875 0 P 4 0
P 11.1328 0.7039 0 P 4 0
P 11.1407 0.125 0 P 4 0
P 11.1875 1.4926 0 P 4 0
P 11.1875 1.4219 0 P 4 0
P 11.2032 1.3125 0 P 4 0
P 11.2032 0.9375 0 P 4 0
P 11.211 3.375 0 P 4 0
P 11.25 2.8125 0 P 4 0
P 11.25 2.4375 0 P 4 0
P 11.25 0.125 0 P 4 0
P 11.2891 3.375 0 P 4 0
P 11.3203 1.6016 0 P 4 0
P 11.336 1.3828 0 P 4 0
P 11.336 0.8437 0 P 4 0
P 11.336 0.7656 0 P 4 0
P 11.3672 1.5156 0 P 4 0
P 11.375 2.3516 0 P 4 0
P 11.375 2.2734 0 P 4 0
P 11.4141 0.7266 0 P 4 0
P 11.4219 3.0859 0 P 4 0
P 11.4219 3.0078 0 P 4 0
P 11.4453 1.875 0 P 4 0
P 11.4453 1.6172 0 P 4 0
P 11.4532 2.3516 0 P 4 0
P 11.4532 2.2734 0 P 4 0
P 11.461 1.5156 0 P 4 0
P 11.461 1.3828 0 P 4 0
P 11.4844 0.7656 0 P 4 0
P 11.5 3.0859 0 P 4 0
P 11.5 3.0078 0 P 4 0
P 11.5313 0.8516 0 P 4 0
P 11.5313 0.5328 0 P 4 0
P 11.5782 1.5937 0 P 4 0
P 11.5782 1.5156 0 P 4 0
P 11.586 2.625 0 P 4 0
P 11.625 3.375 0 P 4 0
P 11.6563 1.5937 0 P 4 0
P 11.6563 1.5156 0 P 4 0
P 11.6641 2.625 0 P 4 0
P 11.6797 1.125 0 P 4 0
P 11.7578 1.125 0 P 4 0
P 11.7735 1.875 0 P 4 0
P 11.8438 2.2344 0 P 4 0
P 11.8516 1.875 0 P 4 0
P 11.961 3.375 0 P 4 0
P 11.9922 2.625 0 P 4 0
P 12.0391 3.375 0 P 4 0
P 12.1719 2.2344 0 P 4 0
P 12.1875 0.5547 0 P 4 0
P 12.1875 0.2031 0 P 4 0
P 12.1953 2.4219 0 P 4 0
P 12.1953 2.0625 0 P 4 0
P 12.1953 1.6875 0 P 4 0
P 12.2188 2.9844 0 P 4 0
P 12.2344 1.3125 0 P 4 0
P 12.2344 0.9375 0 P 4 0
P 12.2969 2.3672 0 P 4 0
P 12.3047 0.6719 0 P 4 0
P 12.3125 2.9062 0 P 4 0
P 12.375 3.5625 0 P 4 0
P 12.375 3.1875 0 P 4 0
P 12.4063 1.5937 0 P 4 0
P 12.4063 1.5156 0 P 4 0
P 12.4063 1.3437 0 P 4 0
P 12.4844 1.5937 0 P 4 0
P 12.4844 1.5156 0 P 4 0
P 12.4844 0.8437 0 P 4 0
P 12.4844 0.7656 0 P 4 0
P 12.5 3.0625 0 P 4 0
P 12.5 2.9844 0 P 4 0
P 12.5 2.6797 0 P 4 0
P 12.5235 0.375 0 P 4 0
P 12.5625 0.8437 0 P 4 0
P 12.5625 0.7656 0 P 4 0
P 12.5782 3.0625 0 P 4 0
P 12.5782 2.9844 0 P 4 0
P 12.5782 2.6797 0 P 4 0
P 12.6016 0.375 0 P 4 0
P 12.6172 2.25 0 P 4 0
P 12.6563 1.7187 0 P 4 0
P 12.6953 2.25 0 P 4 0
P 12.711 3.375 0 P 4 0
P 12.711 1.125 0 P 4 0
P 12.7266 1.6484 0 P 4 0
P 12.7344 0.0469 0 P 4 0
P 12.7657 1.8984 0 P 4 0
P 12.7891 3.375 0 P 4 0
P 12.7891 1.125 0 P 4 0
P 12.8282 0.125 0 P 4 0
P 12.9141 1.8437 0 P 4 0
P 12.9219 2.5078 0 P 4 0
P 12.9375 0.7891 0 P 4 0
P 12.9375 0.375 0 P 4 0
P 12.9495 3.0547 0 P 4 0
P 12.9495 2.7344 0 P 4 0
P 13.0078 3.6328 0 P 4 0
P 1.6875 2.8236 3 P 3 0
P 1.6875 2.7236 3 P 3 0
L 1.533 3.6993 1.533 3.6757 1 P 5 ;0=0
L 1.533 3.5446 1.533 3.5013 1 P 5 ;0=0
L 1.8732 3.6993 1.8732 3.6757 1 P 5 ;0=0
L 1.8732 3.5446 1.8732 3.5013 1 P 5 ;0=0
P 1.5893 3.5438 2 P 1 0
P 1.8169 3.5438 2 P 1 0
P 0.75 3.375 4 P 2 0
P 0.75 1.125 4 P 2 0
P 1.5 1.875 4 P 2 0
P 1.7812 0.375 4 P 2 0
P 2.0674 0.8318 4 P 2 0
P 2.0703 2.625 4 P 2 0
P 2.625 3.375 4 P 2 0
P 3.0469 1.875 4 P 2 0
P 3.2891 0.375 4 P 2 0
P 3.75 2.625 4 P 2 0
P 4.125 3.375 4 P 2 0
P 4.3125 1.125 4 P 2 0
P 4.6875 1.875 4 P 2 0
P 4.875 0.375 4 P 2 0
P 5.25 2.625 4 P 2 0
P 6.375 3.375 4 P 2 0
P 6.5625 1.125 4 P 2 0
P 6.9375 1.875 4 P 2 0
P 7.5 2.625 4 P 2 0
P 8.0625 0.375 4 P 2 0
P 8.625 3.375 4 P 2 0
P 8.8125 1.125 4 P 2 0
P 9.1875 1.875 4 P 2 0
P 9.75 2.625 4 P 2 0
P 10.125 0.375 4 P 2 0
P 10.125 3.375 4 P 2 0
P 10.6875 1.875 4 P 2 0
P 11.2031 1.125 4 P 2 0
P 11.25 2.625 4 P 2 0
P 12.1875 1.875 4 P 2 0
P 12.1875 0.375 4 P 2 0
P 12.2344 1.125 4 P 2 0
P 12.375 3.375 4 P 2 0
P 12.9495 2.9013 4 P 2 0
